,of_the,in_the,there_was,of_course,that_they,with_a,and_the,from_the,he_was,everything_was,but_it,it_was,right_out,me_.,in_a,had_been,he_had,i_'ve,enough_to,an_old,not_be,was_an,of_this,which_he,over_the,were_sailing,it_had,as_it,as_i,he_is,now_.,we_shall,they_would,the_bottom,bottom_of,out_from,if_he,here_were,leaving_the,of_metal,of_steel,they_should,was_of,leaning_over,else_.,'ve_always,such_as,watching_the,would_kill,nerves_of,been_drawn,of_life,course_of,for_three,the_smoke,steel_.,were_scattered,this_paper,the_very,take_you,to_your,a_slow,street_and,nothing_else,away_to,three_hours,were_passing,and_shouting,somewhere_in,to_shake,in_life,down_upon,life_and,above_my,my_station,station_in,upon_my,still_.,a_soft,dressed_in,shall_take,filling_the,kill_me,i_hold,books_.,it_contained,suit_of,the_passage,laid_down,a_suit,my_books,delay_.,should_not,smoke_and,always_been,but_otherwise,it_without,the_box,scattered_over,passage_but,had_laid,box_but,were_enough,you_away,would_naturally,hours_we,becomes_a,the_existence,existence_of,passing_over,the_roots,roots_.,soft_cloth,reminded_of,was_deadly,is_funny,importance_that,despoiled_of,been_insulted,arranging_the,be_suspected,suspected_of,sailing_over,been_hanging,destroy_it,were_leaning,otherwise_they,and_packages,the_strand,forgetful_of,life_as,your_aunt,without_delay,been_transported,been_deposited,'s_at,cap_which,banished_or,or_torn,been_seduced,and_literature,retaining_the,the_ever-changing,been_proud,very_first,was_quietly,kaleidoscope_of,and_disgrace,literature_were,been_banished,uncertain_of,seduced_or,transported_above,a_colder,a_historical,flows_through,be_uncertain,be_reminded,old_historic,contained_nothing,cloth_cap,of_heather,clock_ticking,deposited_above,and_flows,insulted_or,a_double-edged,been_stifled,stifled_or,be_despoiled,drawn_above,a_nicer,fleet_street,aunt_'s,old_clock,strand_.,together_watching,hanging_above,is_violent,the_photograph,discs_of,we_strolled,at_harrow,strolled_about,ebbs_and,it_ebbs,old_mortal,naturally_destroy,funny_we,heather_tweed,harrow_.,quietly_dressed,old_skeleton,about_together,tweed_with,together_leaving,disgrace_would,packages_were,umbrellas_were,deadly_still,be_forgetful,and_umbrellas,first_importance,hold_here,ticking_loudly,been_hacked,is_petty,is_nourishing,soft_juicy,old_university,together_retaining,soft_shimmering,and_small-pox,small-pox_were,tilting_over,soft_humming
of_the,449567,72935,7161,1385,4215,11713,50689,22915,12742,117,1976,18935,57,1600,14152,14187,15418,496,1435,1061,1985,1261,4135,5676,6143,9,2279,3372,3945,1965,291,582,1404,1931,1637,490,2306,77,410,37,113,652,1168,68,120,17,984,417,23,39,62,1512,1336,196,336,45,91,25,3208,66,340,130,349,176,362,134,91,49,87,100,210,556,979,29,10,52,412,100,153,235,69,67,15,56,80,86,108,723,136,53,12,45,483,133,193,23,114,466,72,9,105,9,29,7,42,13,51,320,364,39,151,19,1,81,3,0,29,20,9,30,27,53,7,6,17,11,8,4,71,63,141,10,104,19,15,60,13,6,3,4,36,8,8,16,111,19,1,22,4,12,13,2,1,1,1,6,1,18,1,9,2,17,3,0,5,4,0,0,1,3,3,1,10,78,11,22,3,8,0,39,1,17,1,16,3,0,1,0,0,0,1,1,1,6,0,3,0,0,1,1,1,3,11,0,0,1,0,0,2,0,1,0,0,0,0,0
in_the,72935,223923,7546,1000,2377,7329,21323,8925,9069,133,1221,12492,26,1173,7934,8928,10449,646,878,850,1162,846,2892,3307,2854,12,1483,2046,2791,1370,247,384,936,734,533,235,1842,40,201,16,55,347,403,38,96,19,664,219,19,4,28,1080,1732,151,193,17,32,16,2146,51,222,66,282,143,224,102,39,55,265,77,154,329,625,18,8,80,296,83,96,287,27,41,15,40,78,37,76,538,82,36,20,18,311,86,134,17,70,319,25,6,70,8,12,5,20,3,33,110,123,18,63,16,0,27,2,1,15,9,4,6,18,48,1,8,10,4,5,2,57,23,106,11,33,7,13,24,9,2,4,1,10,4,3,8,88,13,0,15,0,6,5,3,0,1,0,5,0,7,0,7,3,7,6,0,0,0,0,3,1,0,2,2,3,49,12,11,4,3,0,25,1,8,2,10,1,0,0,0,0,0,1,0,0,6,0,0,0,1,3,0,0,3,2,0,0,0,0,0,0,3,0,0,0,0,0,0
there_was,7161,7546,35524,282,294,1036,2820,1296,1362,39,252,2367,1,291,1295,1146,1461,38,210,204,183,1216,317,442,398,1,260,330,422,38,96,11,144,111,76,53,334,9,25,5,16,55,124,3,48,5,104,11,4,1,4,131,43,24,21,1,3,2,246,0,14,5,33,117,31,7,11,8,25,11,26,42,68,8,1,2,39,23,40,17,2,4,1,2,14,8,14,45,14,5,2,11,62,23,25,6,13,39,4,1,12,3,4,1,5,0,0,8,8,1,7,4,0,6,1,0,4,1,0,3,2,2,0,2,0,0,2,0,3,1,7,0,3,0,0,4,0,0,0,0,0,0,1,3,16,2,0,0,0,0,1,0,0,0,0,0,0,0,0,1,0,0,3,0,2,0,0,0,0,0,1,0,1,8,4,1,0,1,0,1,0,0,0,2,2,0,0,0,0,0,0,0,0,0,0,0,0,0,0,0,0,2,0,0,1,0,0,0,0,0,0,0,0,0,0,0
of_course,1385,1000,282,11863,107,246,509,194,386,6,167,771,0,112,334,268,410,109,59,31,104,39,80,75,49,0,57,76,120,121,26,33,86,17,9,7,139,1,3,1,2,13,267,0,13,8,24,1,1,1,1,20,104,6,0,0,0,1,52,5,34,0,5,7,5,2,2,2,0,5,4,11,21,2,0,2,8,5,1,1,1,0,1,1,3,2,1,6,5,3,1,0,35,0,6,3,5,6,0,0,1,0,0,3,5,0,0,3,4,1,1,0,0,0,0,0,1,0,0,0,1,4,0,0,1,0,1,0,2,0,4,3,0,1,0,1,1,0,0,0,0,0,0,1,8,0,0,1,0,0,0,0,0,0,0,0,0,0,0,0,0,0,0,0,0,0,0,0,0,0,0,0,2,7,0,0,0,0,0,1,0,0,0,0,0,0,0,0,0,0,0,0,0,0,0,0,0,0,0,0,0,1,0,0,0,0,0,0,0,0,0,0,0,0,0,0
that_they,4215,2377,294,107,14771,347,1390,669,461,10,163,1354,3,89,585,776,588,24,100,40,242,47,169,136,150,1,94,135,206,62,19,22,1211,29,19,13,112,2,13,3,2,908,25,0,21,2,51,12,10,1,5,80,35,12,4,2,1,0,123,1,28,1,13,11,18,5,4,3,6,3,5,25,43,1,0,0,21,2,3,8,0,2,2,2,1,1,1,18,4,2,1,4,115,2,11,0,5,8,0,0,10,1,2,1,1,0,1,10,11,1,2,1,2,8,0,0,2,2,0,1,3,2,1,1,2,0,2,0,3,0,4,0,7,2,0,2,1,0,0,0,1,1,0,0,7,0,0,1,0,1,0,0,0,0,0,0,0,2,0,2,0,0,0,0,0,1,0,0,0,0,0,0,2,2,0,0,0,0,0,0,0,1,0,1,0,0,0,0,0,0,0,0,0,0,0,0,0,0,0,0,0,0,0,0,0,0,0,0,0,0,0,0,0,0,0,0
with_a,11713,7329,1036,246,347,54391,3739,2147,2518,15,238,2976,6,369,3061,1701,2428,158,233,378,240,254,472,966,769,2,338,388,673,289,57,65,151,150,102,80,585,9,41,8,28,53,129,14,21,5,176,44,2,5,5,151,76,26,28,9,11,3,325,14,65,97,38,28,53,21,8,12,11,33,38,117,109,2,0,5,98,24,121,172,5,32,9,11,11,15,51,62,32,40,5,5,69,19,33,1,21,75,9,0,17,3,0,2,4,2,7,10,14,6,14,3,5,14,3,0,3,1,0,0,3,8,1,1,2,1,0,1,7,5,17,2,5,1,3,7,8,0,0,1,2,0,0,1,18,2,0,5,0,3,0,0,0,0,0,0,0,4,0,1,8,0,0,0,0,0,1,0,1,1,0,0,2,13,2,1,0,1,1,3,0,2,0,1,0,0,0,0,0,0,0,1,0,0,2,0,0,0,0,1,0,0,1,0,0,0,0,0,0,0,0,0,0,0,0,0
and_the,50689,21323,2820,509,1390,3739,131453,6488,3664,83,578,6563,17,585,4708,4542,4212,238,402,305,550,340,1224,1717,2197,4,755,1166,1198,595,98,165,494,308,210,146,747,29,129,16,36,212,313,11,48,5,367,125,8,9,20,553,228,60,177,12,39,6,841,23,140,34,168,72,197,38,24,27,20,42,78,209,539,12,1,12,135,73,45,92,22,23,12,14,24,36,47,181,37,10,11,20,142,80,72,4,28,152,31,5,56,0,15,3,16,2,24,58,57,12,46,12,0,14,3,0,3,9,0,8,14,18,2,3,4,2,1,1,19,12,59,4,31,3,11,28,4,0,3,1,10,1,1,4,34,2,0,15,5,2,3,3,0,0,2,2,0,2,0,1,0,5,2,0,3,3,0,2,0,1,0,1,4,21,4,6,3,2,0,8,0,2,0,2,2,0,0,0,1,0,0,0,0,3,2,1,0,1,1,0,0,2,0,0,0,0,0,0,1,1,0,0,1,1,0,0
from_the,22915,8925,1296,194,669,2147,6488,56546,2089,27,286,3215,3,283,2456,2617,2988,123,206,156,305,190,726,1114,861,1,501,573,787,292,56,78,254,308,214,624,402,15,64,8,33,98,105,11,16,3,128,49,3,6,18,305,124,27,99,9,9,6,620,10,63,21,66,28,59,19,12,3,13,27,32,145,144,5,2,14,75,16,42,57,7,23,4,7,15,24,20,128,21,10,5,9,77,21,38,9,20,83,10,4,25,2,2,5,4,1,8,16,16,5,25,5,0,5,1,0,1,0,0,2,10,9,1,3,5,2,0,0,15,5,24,2,17,10,6,5,4,0,1,0,3,1,0,0,103,3,0,2,1,8,2,1,2,0,0,0,0,1,0,0,0,5,0,0,0,0,0,0,0,0,0,0,1,11,0,3,0,2,0,8,0,4,0,1,0,0,0,0,0,0,0,0,0,0,0,0,0,0,0,0,0,1,0,0,0,0,0,0,0,0,0,0,0,0,0,0
he_was,12742,9069,1362,386,461,2518,3664,2089,69957,31,323,3771,4,383,3153,2590,7488,91,534,308,305,866,509,3041,536,2,327,437,508,316,125,20,217,98,74,54,1971,3,85,1,12,73,470,15,68,6,117,51,11,0,8,211,126,43,23,5,4,5,411,4,38,16,43,46,77,13,14,11,28,33,66,73,194,0,0,7,46,38,16,209,3,9,8,1,22,6,57,48,20,18,3,8,120,11,60,12,22,53,1,0,17,1,4,3,3,0,3,14,15,8,8,0,0,12,7,0,5,2,1,2,1,16,4,0,4,2,1,0,10,6,26,1,16,0,1,6,5,2,1,2,5,2,0,1,17,9,0,4,0,1,0,0,0,0,0,0,0,2,0,1,5,1,0,1,0,0,0,0,0,0,0,0,5,17,1,0,0,0,0,2,0,0,1,0,0,0,0,0,0,0,0,4,0,0,0,0,0,0,0,0,0,0,0,0,0,0,0,0,0,0,0,0,0,0,0,0
everything_was,117,133,39,6,10,15,83,27,31,756,2,57,0,5,24,33,38,1,2,1,6,2,4,7,12,0,9,23,10,0,3,0,4,2,1,2,9,0,0,0,2,1,4,0,1,0,0,0,0,0,0,0,0,0,0,1,0,0,3,0,0,0,2,1,0,1,0,0,0,0,0,0,0,0,0,0,0,18,0,1,0,0,0,0,0,0,1,0,3,0,0,0,0,0,0,0,0,0,0,0,0,0,0,0,0,0,0,0,0,0,0,0,0,0,0,0,0,0,0,0,0,0,0,0,0,0,0,0,0,0,0,0,0,0,0,0,0,0,0,0,0,0,0,0,0,0,0,0,0,0,0,0,0,0,0,0,0,0,0,0,0,0,0,0,0,0,0,0,0,0,0,0,0,0,0,0,0,0,0,0,0,0,0,0,0,0,0,0,0,0,0,0,0,0,0,0,0,0,0,0,0,0,0,0,0,0,0,0,0,0,0,0,0,0,0,0
but_it,1976,1221,252,167,163,238,578,286,323,2,11782,4671,1,204,383,374,388,67,103,41,214,79,105,80,92,0,387,149,160,81,110,16,41,23,18,6,92,1,3,1,3,17,68,0,15,2,20,6,2,1,3,45,15,3,7,1,2,1,50,5,12,6,2,6,6,2,1,0,1,2,12,10,24,0,0,0,10,1,4,2,0,1,4,2,2,8,0,14,2,0,0,2,42,0,18,0,8,4,1,3,4,3,2,2,1,0,4,10,8,0,3,1,0,0,0,1,4,0,0,1,1,1,1,0,1,0,0,0,0,0,2,2,2,0,0,2,0,0,0,0,0,0,0,2,0,0,0,0,0,0,0,0,0,0,0,0,0,0,0,2,1,0,0,0,0,0,0,0,0,0,0,1,0,2,0,0,0,0,1,0,0,0,0,1,0,0,0,0,0,0,0,0,0,0,0,0,0,0,0,0,0,0,1,0,0,0,0,0,0,0,0,0,0,0,0,0
it_was,18935,12492,2367,771,1354,2976,6563,3215,3771,57,4671,95866,9,865,3270,3915,4953,142,619,307,515,1542,850,1138,846,1,1084,3303,1268,101,224,44,435,208,140,92,958,11,62,12,21,267,662,8,92,14,351,42,17,8,17,306,177,43,40,10,11,3,565,13,61,33,66,60,85,44,19,11,31,27,61,94,224,8,3,10,162,49,61,48,1,10,7,7,19,32,26,90,32,20,2,26,240,19,59,5,58,62,5,2,39,2,6,6,17,2,3,24,24,6,23,3,0,9,5,1,12,0,0,6,3,8,0,2,1,1,0,1,7,2,46,7,26,3,4,6,4,0,1,1,0,1,0,2,27,5,1,8,0,2,1,0,0,1,0,0,0,3,0,4,1,1,1,0,1,0,0,0,0,0,0,0,4,19,1,4,0,3,1,9,0,1,0,5,1,0,1,0,0,0,2,0,0,0,0,1,0,0,0,0,0,1,1,0,0,1,0,0,0,2,0,1,0,0,0,0
right_out,57,26,1,0,3,6,17,3,4,0,1,9,219,2,10,8,8,4,1,2,0,1,1,0,2,0,1,2,2,4,1,1,1,1,1,4,3,0,0,0,0,0,0,0,0,1,0,0,0,0,0,1,0,1,0,0,0,0,0,0,0,0,0,0,0,1,0,1,0,0,0,0,2,0,0,0,0,0,0,0,0,0,1,0,0,0,0,0,0,0,0,0,0,0,0,0,0,0,0,0,0,0,0,0,0,0,0,0,0,0,1,0,0,0,0,0,0,0,0,0,0,0,0,0,0,0,0,0,0,0,0,0,0,0,0,0,0,0,0,0,0,0,0,0,0,0,0,0,0,0,0,0,0,0,0,0,0,0,0,0,0,0,0,0,0,0,0,0,0,0,0,0,0,0,0,0,0,0,0,0,0,0,0,0,0,0,0,0,0,0,0,0,0,0,0,0,0,0,0,0,0,0,0,0,0,0,0,0,0,0,0,0,0,0,0,0
me_.,1600,1173,291,112,89,369,585,283,383,5,204,865,2,23057,380,287,361,185,108,49,101,40,125,109,87,0,71,110,588,130,0,12,83,14,10,15,178,0,14,1,1,21,21,4,0,10,38,6,15,0,0,31,9,5,3,0,0,0,86,24,50,2,8,18,15,5,2,3,3,10,8,37,31,4,0,1,61,0,4,3,8,0,76,3,0,2,3,8,5,7,2,0,28,2,25,1,6,8,0,0,8,0,1,9,2,0,0,1,1,0,4,0,0,0,0,0,2,0,1,0,1,0,0,0,0,0,0,0,0,0,3,1,3,0,0,0,0,0,0,0,1,0,0,0,3,0,0,1,0,0,0,0,0,0,0,0,0,0,0,0,0,1,0,0,0,0,0,0,0,0,0,0,0,4,0,0,0,0,0,2,0,0,1,1,0,0,0,0,0,0,0,0,0,0,0,1,0,0,0,0,0,0,0,0,0,0,0,0,0,0,0,0,0,0,0,0
in_a,14152,7934,1295,334,585,3061,4708,2456,3153,24,383,3270,10,380,61676,2270,2929,238,303,379,332,213,630,971,826,4,383,532,784,382,72,124,289,156,112,76,736,12,71,5,22,79,124,20,29,10,221,46,6,5,10,236,145,45,51,5,8,6,320,19,99,75,85,46,63,22,10,11,32,16,40,81,155,5,0,16,85,25,132,357,11,14,6,6,24,10,141,73,18,72,3,8,87,25,32,3,33,55,7,0,20,1,5,2,4,7,11,25,25,2,18,1,1,6,3,0,2,2,1,5,1,3,2,0,2,1,1,0,15,3,21,4,17,4,7,14,5,0,0,2,2,3,0,4,13,3,0,5,0,0,1,0,2,0,3,1,0,0,0,1,5,6,1,1,4,0,0,0,0,0,0,0,3,18,2,4,0,0,0,5,0,3,0,1,2,0,0,0,0,1,0,0,0,2,1,0,0,0,2,0,0,1,0,0,0,0,0,0,0,0,0,0,0,0,0,0
had_been,14187,8928,1146,268,776,1701,4542,2617,2590,33,374,3915,8,287,2270,49953,10636,20,331,235,244,219,508,1225,564,0,3705,683,645,53,89,20,236,111,78,49,1171,12,52,12,12,88,132,9,38,0,127,64,2,6,104,213,158,83,32,3,13,4,467,3,26,13,37,20,66,37,6,5,17,14,56,46,170,2,2,7,88,22,18,39,2,12,5,3,10,14,26,67,27,11,5,10,106,10,43,4,36,42,6,2,17,1,4,1,5,3,1,17,21,5,13,8,0,14,0,0,1,3,13,5,3,19,0,16,2,1,1,0,15,5,35,1,15,26,25,3,5,0,1,7,3,4,0,10,33,3,0,4,1,19,3,1,1,0,0,0,0,1,0,1,1,1,1,1,0,0,0,2,0,0,0,0,2,15,0,0,0,0,0,5,0,1,1,1,0,0,0,0,0,0,0,0,0,1,0,0,1,0,0,0,0,0,0,0,0,2,0,0,0,0,1,0,0,0,0,0
he_had,15418,10449,1461,410,588,2428,4212,2988,7488,38,388,4953,8,361,2929,10636,74561,52,520,295,357,285,626,6167,641,0,728,486,439,149,130,20,253,106,80,69,4514,7,74,2,11,85,178,4,56,2,196,38,9,1,14,244,225,58,16,2,3,1,548,3,23,18,76,61,88,26,2,5,20,44,75,74,233,3,0,13,56,30,29,48,3,12,7,0,26,22,41,71,35,12,3,15,127,5,142,5,47,58,4,2,156,1,12,0,7,0,6,19,20,2,11,6,0,18,4,0,6,0,8,6,4,21,1,2,2,0,1,0,17,7,40,2,22,5,2,3,5,0,0,0,6,2,0,10,35,1,0,8,0,5,6,2,0,0,0,0,0,2,0,1,2,0,1,0,0,0,0,0,0,0,2,3,0,14,1,1,0,0,0,4,0,1,0,1,0,0,0,0,0,0,0,0,0,0,0,0,0,0,0,0,0,0,0,0,0,0,0,0,0,0,0,0,0,0,0,0
i_'ve,496,646,38,109,24,158,238,123,91,1,67,142,4,185,238,20,52,12318,75,25,13,7,61,7,64,0,10,38,354,42,77,6,13,6,4,4,56,0,2,0,1,3,2,0,21,290,6,6,1,0,0,22,6,14,0,1,0,1,31,13,27,0,7,11,2,5,0,0,1,5,5,2,25,1,1,0,10,2,5,3,5,0,2,2,10,0,1,0,0,0,4,0,0,0,47,0,4,3,0,0,1,0,0,2,0,0,1,1,1,2,2,0,0,1,0,0,0,0,3,0,0,1,0,0,0,0,0,0,1,0,6,3,1,0,0,2,0,0,0,0,0,0,0,1,5,0,0,0,0,0,0,0,0,0,0,0,0,0,0,0,0,0,0,0,0,0,0,0,0,0,0,1,0,2,0,0,0,0,0,0,0,0,0,0,0,0,0,0,0,0,0,0,0,0,0,0,0,0,0,0,0,0,0,1,0,0,0,0,0,0,0,0,0,0,0,0
enough_to,1435,878,210,59,100,233,402,206,534,2,103,619,1,108,303,331,520,75,7842,26,86,23,72,94,75,0,56,71,121,92,6,18,48,10,7,6,137,2,5,1,3,26,21,4,11,0,30,1,0,0,3,30,18,4,0,1,1,1,54,8,20,2,3,7,5,3,1,0,1,8,9,10,16,0,0,2,9,4,1,2,2,0,1,2,3,3,2,10,2,2,1,0,24,0,4,0,4,4,0,0,1,0,44,2,0,1,0,0,0,0,2,0,0,0,0,0,0,0,1,0,5,3,0,0,0,0,0,0,1,1,4,3,0,0,0,5,0,0,0,0,0,0,0,0,0,0,0,0,0,0,0,0,0,0,0,0,0,0,0,0,0,0,0,0,0,0,0,0,0,0,0,0,0,2,0,0,0,0,0,0,0,0,0,0,0,0,0,0,0,0,0,0,0,0,0,0,0,0,0,0,0,0,0,0,0,0,0,0,0,0,0,0,0,0,0,0
an_old,1061,850,204,31,40,378,305,156,308,1,41,307,2,49,379,235,295,25,26,4890,22,368,33,99,67,0,34,35,61,62,11,3,7,17,13,5,44,0,5,1,2,5,12,1,2,0,12,3,1,0,1,22,8,5,4,0,1,0,31,0,1,0,12,3,5,0,1,2,3,4,3,5,11,1,0,0,8,4,1,16,0,2,1,1,2,1,16,6,4,4,0,0,8,0,3,1,1,9,1,0,1,0,0,0,2,0,1,0,0,0,2,0,0,0,0,0,0,0,1,0,0,1,0,1,0,0,0,0,1,0,2,2,0,0,0,2,2,0,0,0,0,0,0,0,5,0,0,0,0,1,0,0,0,0,0,0,0,0,0,0,0,0,1,0,0,0,0,0,0,0,0,0,0,2,3,0,0,0,0,0,0,1,0,1,0,0,0,0,0,0,0,0,0,0,0,0,0,0,0,0,0,0,0,0,0,0,0,0,0,0,0,0,0,0,0,0
not_be,1985,1162,183,104,242,240,550,305,305,6,214,515,0,101,332,244,357,13,86,22,9986,30,144,102,62,0,59,118,170,136,48,66,137,14,11,2,170,2,4,1,1,63,15,0,15,1,44,1,2,0,1,48,21,5,4,0,0,1,41,4,50,2,5,5,5,1,1,0,1,0,10,5,34,0,1,0,20,1,1,2,1,1,0,1,1,4,1,5,3,2,2,1,674,2,3,2,5,1,0,0,2,0,2,2,2,0,2,4,3,1,0,0,0,6,0,0,0,1,0,0,17,8,0,0,0,1,0,0,0,1,4,3,2,0,0,2,0,0,0,0,1,0,0,2,2,0,0,1,0,0,0,0,0,0,1,0,0,1,0,0,0,0,0,0,0,1,0,0,1,1,0,1,0,2,0,0,0,0,1,0,0,0,0,0,0,0,0,0,0,0,0,0,0,0,0,0,0,0,0,0,0,0,0,0,0,0,0,0,0,0,0,0,0,0,0,0
was_an,1261,846,1216,39,47,254,340,190,866,2,79,1542,1,40,213,219,285,7,23,368,30,5446,61,109,48,0,45,57,73,6,8,1,17,13,8,5,56,1,1,1,3,7,12,0,6,2,21,3,0,0,2,25,7,2,3,1,0,1,34,1,6,2,3,4,2,1,1,0,2,2,9,7,11,2,0,0,1,5,4,14,0,1,0,0,3,1,2,9,1,0,0,0,8,2,3,0,2,3,0,0,0,0,0,1,0,1,1,1,1,0,0,0,0,0,0,0,0,0,0,0,0,1,0,0,0,0,0,0,1,0,7,0,1,0,0,1,1,0,0,1,0,2,0,1,3,0,0,1,0,0,0,0,0,0,0,0,0,0,0,0,0,0,0,0,0,0,0,0,0,0,0,0,0,1,1,0,0,0,0,0,0,0,0,1,0,0,0,0,0,0,0,0,0,0,0,0,0,0,0,0,0,0,0,0,0,0,0,0,0,0,0,0,0,0,0,0
of_this,4135,2892,317,80,169,472,1224,726,509,4,105,850,1,125,630,508,626,61,72,33,144,61,15315,207,160,0,107,158,244,123,26,63,59,97,92,19,141,0,7,1,4,31,60,3,10,2,45,12,1,1,2,75,117,10,9,3,3,23,135,4,43,0,9,16,7,4,3,1,4,8,9,17,64,0,1,2,37,0,2,4,5,2,3,2,1,7,10,13,6,5,1,3,25,5,6,0,10,13,2,0,4,0,1,1,0,0,8,26,29,2,6,1,1,4,0,0,3,1,0,1,3,3,0,0,2,0,0,0,2,2,7,2,10,0,0,7,0,0,0,0,1,0,0,1,7,1,0,0,0,1,0,0,0,0,0,0,0,0,1,0,0,1,0,0,0,0,0,0,0,0,0,0,2,4,0,0,0,0,0,1,0,0,0,1,0,0,0,0,0,0,0,0,0,0,0,2,0,0,0,0,0,1,0,0,0,0,0,0,0,0,0,0,0,0,0,0
which_he,5676,3307,442,75,136,966,1717,1114,3041,7,80,1138,0,109,971,1225,6167,7,94,99,102,109,207,16440,206,0,135,150,121,395,16,9,51,35,27,18,283,0,22,1,6,20,55,2,5,0,54,6,2,0,5,91,76,17,7,2,2,2,191,0,13,5,21,12,18,7,3,2,4,10,15,18,58,0,0,2,18,4,10,16,2,4,2,4,3,15,11,27,21,7,2,3,28,4,23,0,10,30,5,0,21,0,5,0,3,0,4,8,7,4,7,2,1,9,0,0,0,1,0,3,3,7,0,0,0,0,0,0,3,1,7,1,4,0,2,0,9,0,0,0,2,1,0,4,13,0,0,3,0,2,1,0,0,0,0,0,0,0,0,0,0,0,0,0,0,1,0,0,0,0,0,0,2,4,0,0,0,0,0,0,0,0,0,1,0,0,0,0,0,0,0,0,0,0,0,0,0,0,0,0,0,0,0,0,0,0,0,0,0,0,0,0,0,0,0,0
over_the,6143,2854,398,49,150,769,2197,861,536,12,92,846,2,87,826,564,641,64,75,67,62,48,160,206,15988,2,121,228,261,52,14,24,78,65,48,38,161,3,24,4,7,22,22,161,8,1,32,34,2,0,3,51,40,15,27,0,32,1,101,6,8,7,24,7,32,9,5,3,1,10,8,40,55,2,0,0,17,8,17,8,1,5,2,4,5,3,6,19,6,0,1,2,13,10,10,1,6,31,71,0,9,0,0,1,1,0,1,4,4,52,14,1,1,4,0,0,1,1,0,0,3,2,9,1,1,6,0,0,6,2,10,0,3,0,1,2,0,0,0,0,0,2,0,0,2,0,0,0,0,0,0,0,0,0,0,0,0,0,0,3,0,1,0,0,0,1,0,0,0,1,1,0,0,5,0,1,0,0,0,1,0,2,0,0,0,0,0,0,0,0,0,0,0,1,0,0,0,0,0,0,0,0,0,0,0,0,0,0,0,0,0,0,0,0,0,0
were_sailing,9,12,1,0,1,2,4,1,2,0,0,1,0,0,4,0,0,0,0,0,0,0,0,0,2,34,0,0,0,0,0,0,0,1,1,0,0,0,0,0,0,0,0,0,0,0,0,0,0,0,0,0,1,0,0,0,0,0,0,0,0,0,0,0,1,0,0,0,0,0,0,0,0,0,0,0,0,0,0,0,0,0,0,0,0,0,0,0,0,0,0,0,0,0,0,0,0,0,0,0,0,0,0,0,0,0,0,0,0,0,0,0,0,0,0,0,0,0,0,0,0,0,4,0,0,0,0,0,0,0,0,0,0,0,0,0,0,0,0,0,0,0,0,0,0,0,0,0,0,0,0,0,0,0,0,0,0,0,0,0,0,0,0,0,0,0,0,0,0,0,0,0,0,0,0,0,0,0,0,0,0,0,0,0,0,0,0,0,0,0,0,0,0,0,0,0,0,0,0,0,0,0,0,0,0,0,0,0,0,0,0,0,0,0,0,0
it_had,2279,1483,260,57,94,338,755,501,327,9,387,1084,1,71,383,3705,728,10,56,34,59,45,107,135,121,0,9519,648,126,5,18,4,30,18,12,16,71,0,12,4,2,17,23,0,8,0,24,5,1,1,5,36,31,5,3,2,2,1,100,3,2,2,3,7,12,3,0,0,5,1,14,9,32,1,0,0,17,6,8,0,1,1,0,1,2,5,7,17,6,2,0,1,45,4,53,0,10,7,3,0,4,0,0,0,1,0,0,3,3,1,6,3,0,0,0,0,0,0,0,0,1,3,1,1,2,0,0,0,4,0,11,0,1,1,3,0,0,0,1,0,0,0,0,3,11,0,0,0,0,2,0,0,0,0,1,0,0,0,0,1,0,1,0,0,0,0,0,0,0,0,0,0,2,5,0,1,0,0,0,0,0,0,0,0,0,0,0,0,0,0,0,0,0,0,0,0,0,0,0,0,0,0,0,0,0,0,0,0,0,0,0,0,0,0,0,0
as_it,3372,2046,330,76,135,388,1166,573,437,23,149,3303,2,110,532,683,486,38,71,35,118,57,158,150,228,0,648,10903,198,64,36,19,65,40,24,18,129,1,17,1,4,22,42,2,10,2,174,18,2,1,1,56,33,6,12,3,1,0,97,3,26,9,4,11,21,3,3,1,1,9,13,25,42,1,3,0,27,4,8,6,1,1,2,4,1,7,3,9,6,2,0,1,30,1,14,0,13,4,2,1,4,0,0,1,4,0,5,6,5,3,3,2,0,7,0,0,2,1,0,1,1,2,0,0,2,1,0,2,1,0,62,1,3,2,0,1,0,0,2,0,0,1,0,0,5,0,0,1,0,0,1,0,0,0,0,1,0,0,0,1,0,0,0,0,1,0,0,0,0,0,0,0,0,7,2,0,0,0,0,0,0,0,0,3,1,0,0,0,0,0,0,0,0,1,0,0,0,0,0,1,0,0,0,0,0,0,0,0,0,0,0,0,0,0,0,0
as_i,3945,2791,422,120,206,673,1198,787,508,10,160,1268,2,588,784,645,439,354,121,61,170,73,244,121,261,0,126,198,21124,169,84,47,86,56,42,26,162,3,23,9,5,31,38,1,28,12,319,17,2,0,0,65,37,17,11,1,3,7,144,18,86,4,18,15,19,8,0,3,9,7,22,28,63,7,1,3,195,12,9,12,10,1,4,17,10,6,6,31,13,2,13,3,78,3,19,2,17,17,1,0,9,1,2,0,1,1,3,5,4,0,5,1,0,5,2,0,3,0,0,1,2,2,0,0,1,0,2,0,3,4,60,2,3,0,0,7,0,0,0,0,0,0,0,2,5,0,0,2,0,0,0,0,0,0,0,2,0,1,0,0,0,0,0,0,0,0,0,0,0,0,0,0,0,12,2,0,0,0,0,0,1,0,0,2,0,0,0,0,0,0,0,0,0,0,0,0,0,0,0,0,0,0,1,0,0,0,0,0,0,1,0,0,0,0,0,0
he_is,1965,1370,38,121,62,289,595,292,316,0,81,101,4,130,382,53,149,42,92,62,136,6,123,395,52,0,5,64,169,15559,85,46,15,12,11,5,867,0,3,0,0,4,5,1,17,1,20,2,4,0,2,52,21,2,5,0,0,1,93,11,36,2,2,12,14,5,0,0,3,5,13,5,36,2,0,1,16,4,4,5,1,0,4,7,2,1,4,6,4,3,0,1,32,2,10,2,4,4,0,0,0,0,1,2,0,0,4,0,0,0,5,1,0,5,0,0,0,0,0,0,0,1,0,0,0,0,1,1,1,2,1,1,4,0,1,1,0,0,0,0,1,0,0,0,2,0,0,0,0,0,1,2,0,0,0,0,0,1,0,0,0,0,0,0,0,0,0,0,0,0,0,0,0,1,0,0,0,0,1,0,0,0,0,0,0,0,0,0,0,0,0,0,0,0,0,0,0,0,0,0,0,0,0,0,0,0,0,0,0,0,0,0,0,0,0,0
now_.,291,247,96,26,19,57,98,56,125,3,110,224,1,0,72,89,130,77,6,11,48,8,26,16,14,0,18,36,84,85,6121,14,17,4,3,0,42,0,2,0,0,4,4,0,0,2,5,1,0,0,0,4,3,2,0,0,1,0,9,7,7,0,2,2,1,2,0,0,0,0,2,1,10,0,0,0,7,0,0,0,1,1,4,2,0,0,0,1,0,0,1,0,9,0,7,0,1,1,1,0,0,0,0,0,0,0,0,0,0,0,0,0,0,0,0,0,0,0,0,0,1,0,0,0,0,0,0,0,1,1,0,1,1,0,0,3,0,0,0,0,0,0,0,0,1,0,0,0,0,0,0,0,0,0,0,0,0,0,0,0,0,0,0,0,0,0,0,0,0,0,0,0,0,1,0,0,0,0,0,0,0,0,0,0,0,0,0,0,0,0,0,0,0,0,0,0,0,0,0,0,0,0,0,0,0,0,0,0,0,0,0,0,0,0,0,0
we_shall,582,384,11,33,22,65,165,78,20,0,16,44,1,12,124,20,20,6,18,3,66,1,63,9,24,0,4,19,47,46,14,4078,2,6,6,1,42,0,0,2,0,5,0,0,3,0,6,0,1,0,0,17,8,1,2,0,0,0,11,7,16,4,0,1,3,3,0,0,0,0,1,2,13,0,0,1,6,0,0,0,32,0,1,1,2,0,0,5,0,0,0,0,2,0,5,0,2,2,0,0,0,0,0,1,0,3,0,0,0,0,0,0,0,0,0,0,0,0,0,0,0,0,0,0,0,0,0,0,0,0,0,1,0,0,0,0,0,0,0,0,0,0,0,0,3,0,0,0,0,0,0,0,0,0,0,0,0,1,0,0,0,0,0,0,0,0,0,0,0,0,0,0,0,1,0,0,0,0,0,0,0,0,0,0,0,0,0,0,0,0,0,0,0,0,0,0,0,0,0,0,0,0,0,0,0,0,0,0,0,0,0,0,0,0,0,0
they_would,1404,936,144,86,1211,151,494,254,217,4,41,435,1,83,289,236,253,13,48,7,137,17,59,51,78,0,30,65,86,15,17,2,6678,12,8,3,119,5,2,0,0,107,10,1,6,1,32,2,28,2,1,17,7,3,1,0,0,0,48,1,5,2,6,2,11,2,1,0,1,0,3,3,14,0,1,0,10,2,0,4,0,2,6,0,3,0,0,2,2,0,0,2,26,2,4,0,0,6,0,0,3,0,1,1,8,0,1,2,4,1,2,2,0,1,0,0,0,1,0,0,1,0,0,0,0,1,20,0,0,0,3,0,1,1,0,0,0,0,0,0,0,1,0,1,5,0,0,0,0,0,0,0,0,0,0,0,0,1,0,0,0,0,0,0,0,0,0,0,0,0,0,0,0,2,0,0,0,0,0,0,0,0,0,0,0,0,0,0,0,0,0,0,0,0,0,0,0,0,0,0,0,0,0,0,0,0,0,0,0,0,0,0,0,0,0,0
the_bottom,1931,734,111,17,29,150,308,308,98,2,23,208,1,14,156,111,106,6,10,17,14,13,97,35,65,1,18,40,56,12,4,6,12,2855,1856,10,36,1,7,4,0,1,10,3,0,1,2,2,0,1,1,7,7,4,5,0,0,0,22,3,3,4,3,1,1,3,1,2,3,1,0,10,8,1,0,1,6,4,1,5,0,1,0,0,0,0,0,5,2,1,1,1,3,0,2,0,1,15,0,1,3,0,0,0,0,1,0,0,0,0,3,0,0,0,0,0,0,0,0,1,0,1,1,0,0,0,0,0,2,1,3,0,2,0,0,14,0,0,0,0,0,1,0,0,3,0,0,0,0,0,0,0,0,0,0,0,0,0,0,0,0,0,0,0,1,0,0,0,0,0,0,0,0,0,0,0,0,0,0,2,0,0,0,0,1,0,0,0,0,0,0,0,0,0,0,0,0,0,0,0,0,0,0,0,0,0,0,0,0,0,0,0,0,0,0,0
bottom_of,1637,533,76,9,19,102,210,214,74,1,18,140,1,10,112,78,80,4,7,13,11,8,92,27,48,1,12,24,42,11,3,6,8,1856,1946,8,25,1,4,4,0,1,4,2,0,1,1,0,0,1,1,9,6,4,3,0,0,0,62,3,2,3,2,1,1,1,0,1,2,1,0,7,5,0,0,1,6,3,0,4,0,0,0,0,0,0,0,3,1,1,1,0,3,0,0,0,1,10,0,1,2,0,0,0,0,0,0,0,0,0,2,0,0,0,0,0,0,0,0,1,0,1,1,0,0,0,0,0,2,1,3,0,1,0,0,11,0,0,0,0,0,1,0,0,2,0,0,0,0,0,0,0,0,0,0,0,0,0,0,0,0,0,0,0,0,0,0,0,0,0,0,0,0,0,0,0,0,0,0,3,0,0,0,0,0,0,0,0,0,0,0,0,0,0,0,0,0,0,0,0,0,0,0,0,0,0,0,0,0,0,0,0,0,0,0,0
out_from,490,235,53,7,13,80,146,624,54,2,6,92,4,15,76,49,69,4,6,5,2,5,19,18,38,0,16,18,26,5,0,1,3,10,8,1468,18,0,1,1,3,3,1,0,0,0,4,3,1,0,0,6,3,0,0,0,1,1,11,0,2,3,1,0,2,1,0,0,0,0,2,8,2,1,0,0,4,2,1,1,0,0,2,0,0,0,0,3,1,1,0,0,0,1,0,1,1,3,1,0,0,0,0,0,0,0,0,0,0,0,3,0,0,0,0,0,0,0,0,1,0,0,0,0,1,0,0,0,0,0,1,0,0,1,0,1,0,0,0,0,0,0,0,0,0,1,0,0,0,0,0,0,0,0,0,0,0,0,0,0,0,0,0,0,0,0,0,0,0,0,0,0,0,1,0,0,0,0,0,0,0,0,0,0,0,0,0,0,0,0,0,0,0,0,0,0,0,0,0,0,0,0,0,0,0,0,0,0,0,0,0,0,0,0,0,0
if_he,2306,1842,334,139,112,585,747,402,1971,9,92,958,3,178,736,1171,4514,56,137,44,170,56,141,283,161,0,71,129,162,867,42,42,119,36,25,18,16155,0,12,0,0,21,29,2,23,1,22,4,18,0,1,42,27,13,8,0,0,0,99,8,30,13,13,12,18,4,0,2,5,6,22,16,53,0,1,2,17,7,5,3,8,1,23,2,0,2,6,11,11,3,1,5,85,3,8,2,10,12,0,0,10,0,2,1,2,0,5,3,4,1,3,0,0,2,2,0,2,0,0,0,2,6,0,0,0,2,0,0,1,3,12,1,8,1,1,5,0,0,0,0,1,2,0,3,9,0,0,2,0,0,2,0,0,0,0,0,0,0,0,0,0,1,1,0,0,0,0,0,0,0,0,0,0,5,0,0,0,0,1,0,0,0,0,0,0,0,0,0,0,0,0,0,0,0,0,0,0,1,0,0,0,0,0,0,0,0,0,0,0,0,0,0,0,0,0,0
here_were,77,40,9,1,2,9,29,15,3,0,1,11,0,0,12,12,7,0,2,0,2,1,0,0,3,0,0,1,3,0,0,0,5,1,1,0,0,241,0,0,0,0,1,0,0,0,1,0,0,0,0,2,0,1,0,0,0,0,2,0,0,0,0,0,0,0,0,1,0,0,0,1,2,0,0,0,3,0,0,0,0,0,0,0,0,0,0,0,1,0,0,0,0,0,0,0,0,0,0,0,0,0,0,0,1,0,0,0,0,0,0,0,0,0,0,0,0,0,0,0,0,0,0,0,0,0,0,0,0,0,0,0,0,0,0,0,0,0,0,0,0,0,0,0,0,0,0,0,0,0,0,0,0,0,0,0,0,0,0,0,0,0,0,0,0,0,0,0,0,0,0,0,0,0,0,0,0,0,0,0,0,0,0,0,0,0,0,0,0,0,0,0,0,0,0,0,0,0,0,0,0,0,0,0,0,0,0,0,0,0,0,0,0,0,0,0
leaving_the,410,201,25,3,13,41,129,64,85,0,3,62,0,14,71,52,74,2,5,5,4,1,7,22,24,0,12,17,23,3,2,0,2,7,4,1,12,0,1216,0,0,3,3,0,1,0,4,2,0,0,0,5,2,1,1,0,0,0,3,0,1,0,4,1,5,0,0,0,0,1,0,2,3,0,0,0,3,1,1,0,0,0,0,0,1,2,0,4,0,0,0,0,1,0,0,0,0,3,0,0,1,0,0,0,0,0,0,0,0,0,0,0,0,0,0,0,0,0,0,0,0,0,0,0,0,0,0,0,1,0,2,0,0,0,0,0,0,0,0,0,0,0,0,0,0,0,0,0,0,0,0,0,0,0,0,0,0,0,0,0,0,0,0,0,0,0,0,0,0,0,0,0,0,0,0,0,0,0,0,0,0,0,0,1,0,0,0,0,0,0,0,0,0,0,0,3,0,0,0,0,0,0,0,0,0,0,0,0,0,0,0,0,0,0,0,0
of_metal,37,16,5,1,3,8,16,8,1,0,1,12,0,1,5,12,2,0,1,1,1,1,1,1,4,0,4,1,9,0,0,2,0,4,4,1,0,0,0,138,0,0,0,0,0,0,0,0,0,0,0,1,0,0,0,0,0,0,0,0,0,1,0,0,0,0,0,0,0,0,0,1,0,0,0,0,2,0,1,0,0,0,0,0,0,1,0,1,0,0,0,0,1,1,0,0,0,0,0,0,0,0,0,0,0,0,0,0,0,0,0,0,0,0,0,0,0,0,0,0,0,0,0,0,0,0,0,0,0,0,0,0,0,0,0,0,0,0,0,0,0,0,0,0,0,0,0,0,0,0,0,0,0,0,0,0,0,0,0,0,0,0,0,0,0,0,0,0,0,0,0,0,0,0,0,0,0,0,0,0,0,0,0,0,0,0,0,0,0,0,0,0,0,0,0,0,0,0,0,0,0,0,0,0,0,0,0,0,0,0,0,0,0,0,0,0
of_steel,113,55,16,2,2,28,36,33,12,2,3,21,0,1,22,12,11,1,3,2,1,3,4,6,7,0,2,4,5,0,0,0,0,0,0,3,0,0,0,0,316,0,2,0,0,0,2,1,0,8,0,0,1,0,0,56,0,0,3,0,0,0,1,0,0,0,0,0,0,0,0,0,0,0,0,0,1,0,0,0,1,0,0,0,0,0,2,1,0,0,0,0,1,0,0,0,0,0,0,0,1,0,0,0,0,0,0,0,0,0,1,0,0,0,0,0,0,0,0,0,0,0,0,0,0,0,0,0,0,0,0,0,0,0,0,0,0,0,0,0,0,0,0,0,0,0,0,0,0,0,0,0,0,0,0,0,0,0,0,0,0,0,0,0,0,0,0,0,0,0,0,0,0,0,0,0,0,0,1,0,0,0,0,0,0,0,0,0,0,0,0,0,0,0,0,0,0,0,0,0,0,0,0,0,0,0,0,0,0,0,0,0,0,0,0,0
they_should,652,347,55,13,908,53,212,98,73,1,17,267,0,21,79,88,85,3,26,5,63,7,31,20,22,0,17,22,31,4,4,5,107,1,1,3,21,0,3,0,0,2134,1,0,4,0,14,3,0,0,0,12,7,1,0,0,0,1,10,0,7,1,3,2,2,0,0,0,1,0,1,2,4,0,0,1,1,0,0,0,0,0,0,0,1,0,0,2,1,0,0,0,160,0,3,0,2,0,0,0,1,0,1,0,0,0,0,3,2,1,0,0,0,2,0,0,1,0,0,0,2,0,0,0,2,0,1,0,0,0,1,0,4,0,0,0,0,0,0,0,0,0,0,0,0,0,0,2,0,0,0,0,0,0,0,0,0,1,0,0,0,0,0,0,0,0,0,0,0,0,0,0,0,0,0,0,0,0,0,0,0,0,0,0,0,0,0,0,0,0,0,0,0,0,0,0,0,0,0,0,0,0,0,0,0,0,0,0,0,0,0,0,0,0,0,0
was_of,1168,403,124,267,25,129,313,105,470,4,68,662,0,21,124,132,178,2,21,12,15,12,60,55,22,0,23,42,38,5,4,0,10,10,4,1,29,1,3,0,2,1,2983,0,2,0,7,4,0,1,0,16,11,2,2,1,0,0,38,0,1,2,2,2,3,0,0,0,0,1,2,5,8,0,0,1,3,0,3,8,0,0,0,0,0,5,4,4,0,1,0,2,9,0,0,3,0,1,1,0,2,0,1,0,0,0,0,0,0,0,0,0,0,2,0,0,7,0,0,1,0,0,0,0,0,0,0,0,0,0,1,1,2,0,0,0,0,0,0,0,0,0,0,1,1,0,0,0,0,0,0,0,0,0,0,0,0,0,0,0,0,1,0,0,0,0,0,0,0,0,0,0,0,0,0,0,0,1,0,0,0,0,0,0,0,0,0,0,0,0,0,0,0,0,0,0,0,0,0,0,0,0,1,0,0,0,0,0,0,0,0,1,0,0,0,0
leaning_over,68,38,3,0,0,14,11,11,15,0,0,8,0,4,20,9,4,0,4,1,0,0,3,2,161,0,0,2,1,1,0,0,1,3,2,0,2,0,0,0,0,0,0,272,0,0,0,4,0,0,0,0,1,0,0,1,0,0,3,0,0,0,0,0,0,0,0,0,0,0,0,1,0,0,0,0,0,0,0,1,0,0,0,0,0,0,0,0,0,0,0,0,0,0,0,1,0,0,0,0,0,0,0,0,0,0,0,0,0,0,0,0,0,0,0,0,0,0,0,0,0,0,0,0,0,6,0,0,0,0,0,0,0,0,0,0,0,0,0,0,0,0,0,0,0,0,0,0,0,0,0,0,0,0,0,0,0,0,0,0,0,0,0,0,0,0,0,0,0,0,0,0,0,0,0,0,0,0,0,0,0,0,0,0,0,0,0,0,0,0,0,0,0,0,0,0,0,0,0,0,0,0,0,0,0,0,0,0,0,0,0,0,0,0,0,0
else_.,120,96,48,13,21,21,48,16,68,1,15,92,0,0,29,38,56,21,11,2,15,6,10,5,8,0,8,10,28,17,0,3,6,0,0,0,23,0,1,0,0,4,2,0,1763,1,2,0,0,0,0,2,1,1,0,0,0,0,2,0,4,0,1,233,6,0,0,0,2,0,0,0,4,1,0,0,0,0,0,0,0,0,0,0,0,0,0,0,0,0,1,0,4,0,1,0,0,0,0,0,0,0,0,0,0,1,0,0,0,0,1,0,0,0,0,0,0,0,0,0,0,0,0,0,0,0,0,0,0,0,0,0,0,0,0,0,0,0,0,0,0,0,0,0,0,1,0,0,0,0,0,0,0,0,0,0,0,0,0,1,0,0,0,0,0,0,0,0,0,0,0,0,0,0,0,0,0,0,0,0,0,0,0,0,0,0,0,0,0,0,0,0,0,0,0,0,0,0,0,0,0,0,0,0,0,0,0,0,0,0,0,0,0,0,0,0
've_always,17,19,5,8,2,5,5,3,6,0,2,14,1,10,10,0,2,290,0,0,1,2,2,0,1,0,0,2,12,1,2,0,1,1,1,0,1,0,0,0,0,0,0,0,1,370,1,0,0,0,0,1,0,0,0,0,0,0,1,0,0,0,0,2,0,0,0,0,0,0,1,0,3,0,0,0,0,0,0,0,0,0,0,0,0,0,0,0,0,0,0,0,0,0,63,0,0,0,0,0,0,0,0,0,0,0,0,0,0,0,0,0,0,0,0,0,0,0,0,0,0,0,0,0,0,0,0,0,0,0,0,0,0,0,0,1,0,0,0,0,0,0,0,2,0,0,0,0,0,0,0,0,0,0,0,0,0,0,0,0,0,0,0,0,0,0,0,0,0,0,0,0,0,0,0,0,0,0,0,0,0,0,0,0,0,0,0,0,0,0,0,0,0,0,0,0,0,0,0,0,0,0,0,0,0,0,0,0,0,0,0,0,0,0,0,0
such_as,984,664,104,24,51,176,367,128,117,0,20,351,0,38,221,127,196,6,30,12,44,21,45,54,32,0,24,174,319,20,5,6,32,2,1,4,22,1,4,0,2,14,7,0,2,1,3398,2,0,0,1,23,8,3,0,0,0,0,20,0,13,6,2,2,3,2,0,0,0,3,3,2,17,1,4,0,6,3,9,3,0,0,0,2,2,0,6,0,2,2,1,0,11,0,3,1,3,1,0,0,1,0,2,0,2,0,1,1,2,0,0,0,0,1,0,0,0,0,0,0,1,0,0,0,0,0,0,0,0,2,6,0,0,0,0,1,0,0,0,0,0,0,0,0,0,0,0,0,0,0,0,0,0,0,0,0,0,2,0,0,0,0,0,0,0,0,0,0,0,0,0,0,0,0,0,0,0,0,0,0,0,0,0,0,0,0,0,0,0,0,0,0,0,0,0,0,0,0,0,0,0,0,0,0,0,0,0,0,0,0,0,0,0,0,0,0
watching_the,417,219,11,1,12,44,125,49,51,0,6,42,0,6,46,64,38,6,1,3,1,3,12,6,34,0,5,18,17,2,1,0,2,2,0,3,4,0,2,0,1,3,4,4,0,0,2,893,0,0,0,3,8,0,3,1,1,0,4,0,0,0,1,1,1,1,0,0,0,0,0,2,4,0,0,0,2,0,0,1,0,0,0,0,0,0,0,1,0,0,0,0,0,0,0,0,0,1,0,0,0,0,0,0,0,0,0,0,0,0,0,0,0,0,0,0,0,0,0,0,0,0,0,0,0,2,0,0,0,0,0,0,0,0,0,0,0,0,0,0,0,0,0,0,0,0,0,0,0,0,0,0,0,0,0,0,0,0,0,0,0,0,0,0,0,0,0,0,0,0,0,0,0,2,0,0,3,0,0,0,0,0,0,0,0,0,0,0,0,0,0,0,0,0,0,0,0,0,0,0,0,0,0,0,0,0,0,0,0,0,0,0,0,0,0,0
would_kill,23,19,4,1,10,2,8,3,11,0,2,17,0,15,6,2,9,1,0,1,2,0,1,2,2,0,1,2,2,4,0,1,28,0,0,1,18,0,0,0,0,0,0,0,0,0,0,0,206,0,0,0,0,0,0,0,0,0,3,0,0,0,0,0,0,0,0,0,0,0,0,0,0,1,0,0,1,0,0,0,0,0,33,1,0,0,0,0,1,0,0,0,0,0,0,0,0,0,0,0,0,0,0,0,0,0,0,0,0,0,0,0,0,0,0,0,0,0,0,0,0,0,0,0,0,0,0,0,0,0,0,0,0,0,0,0,0,0,0,0,0,0,0,0,0,0,0,0,0,0,0,0,0,0,0,0,0,0,0,0,0,0,0,0,0,0,0,0,0,0,0,0,0,0,0,0,0,0,0,0,0,0,0,0,0,0,0,0,0,0,0,0,0,0,0,0,1,0,0,0,0,0,0,0,0,0,0,0,0,0,0,0,0,0,0,0
nerves_of,39,4,1,1,1,5,9,6,0,0,1,8,0,0,5,6,1,0,0,0,0,0,1,0,0,0,1,1,0,0,0,0,2,1,1,0,0,0,0,0,8,0,1,0,0,0,0,0,0,63,0,0,0,0,0,2,0,0,0,0,0,0,0,0,0,0,0,0,0,1,0,1,0,0,0,0,0,0,0,0,0,0,0,0,0,0,0,0,0,0,0,0,0,0,0,0,0,0,0,0,0,0,0,0,0,0,0,0,0,0,0,0,0,0,0,0,0,0,0,0,0,0,0,0,0,0,0,0,0,0,0,0,0,0,0,0,0,0,0,0,0,0,0,0,0,0,0,0,0,0,0,0,0,0,0,0,0,0,0,0,0,0,0,0,0,0,0,0,0,0,0,0,0,0,0,0,0,0,0,0,0,0,0,0,0,0,0,0,0,0,0,0,0,0,0,0,0,0,0,0,0,0,0,0,0,0,0,0,0,0,0,0,0,0,0,0
been_drawn,62,28,4,1,5,5,20,18,8,0,3,17,0,0,10,104,14,0,3,1,1,2,2,5,3,0,5,1,0,2,0,0,1,1,1,0,1,0,0,0,0,0,0,0,0,0,1,0,0,0,154,1,0,0,0,0,0,0,3,0,0,0,0,0,3,0,0,0,0,1,0,0,1,0,0,0,0,0,0,0,0,0,0,0,0,0,0,3,0,0,0,0,1,1,1,0,1,1,0,0,0,0,0,0,0,0,0,0,0,0,0,0,0,0,0,0,0,0,0,0,0,0,0,0,0,0,0,0,1,0,0,0,0,0,0,0,0,0,0,0,0,0,0,0,0,0,0,0,0,0,0,0,0,0,0,0,0,0,0,0,0,0,0,0,0,0,0,0,0,0,0,0,0,1,0,0,0,0,0,0,0,0,0,0,0,0,0,0,0,0,0,0,0,0,0,0,0,0,0,0,0,0,0,0,0,0,0,0,0,0,0,0,0,0,0,0
of_life,1512,1080,131,20,80,151,553,305,211,0,45,306,1,31,236,213,244,22,30,22,48,25,75,91,51,0,36,56,65,52,4,17,17,7,9,6,42,2,5,1,0,12,16,0,2,1,23,3,0,0,1,4933,54,3,0,0,0,3,66,1,9,1,5,6,4,3,0,0,2,5,13,3,648,1,0,0,9,2,0,5,0,0,1,1,3,0,4,1,2,1,0,0,12,2,11,0,0,0,1,0,3,0,1,1,2,1,1,1,2,0,2,0,0,0,0,0,0,0,0,1,0,1,0,0,0,0,0,0,1,0,90,1,0,0,0,1,0,0,0,0,3,0,0,0,5,0,0,0,0,0,0,0,0,0,0,1,0,0,0,0,0,1,0,0,0,0,0,0,0,0,0,0,1,0,0,0,0,0,0,0,0,0,0,0,1,0,0,0,0,0,0,0,0,0,0,0,0,0,0,0,0,0,1,0,0,0,0,0,0,0,0,0,0,0,0,0
course_of,1336,1732,43,104,35,76,228,124,126,0,15,177,0,9,145,158,225,6,18,8,21,7,117,76,40,1,31,33,37,21,3,8,7,7,6,3,27,0,2,0,1,7,11,1,1,0,8,8,0,0,0,54,2444,3,0,0,0,0,30,0,1,4,2,3,3,4,0,1,0,2,2,1,13,0,0,0,6,2,1,0,0,3,0,0,0,0,1,2,0,0,0,0,3,1,2,0,2,3,0,1,0,0,0,0,0,1,0,4,3,0,0,0,0,0,0,0,1,0,0,0,0,0,0,0,1,0,0,0,0,0,1,0,1,0,0,0,0,0,0,0,0,0,0,0,4,0,0,0,0,0,0,0,0,0,0,0,0,0,0,0,0,1,0,0,0,0,0,0,0,0,0,0,0,2,0,0,0,0,0,0,0,1,0,0,0,0,0,0,0,0,0,0,0,1,0,0,0,0,0,0,0,0,0,0,0,0,0,0,0,0,0,0,0,0,0,0
for_three,196,151,24,6,12,26,60,27,43,0,3,43,1,5,45,83,58,14,4,5,5,2,10,17,15,0,5,6,17,2,2,1,3,4,4,0,13,1,1,0,0,1,2,0,1,0,3,0,0,0,0,3,3,1023,0,0,0,0,2,0,1,2,1,1,1,58,0,0,0,0,1,3,1,0,0,0,4,1,0,0,0,0,0,0,0,0,0,0,0,0,0,0,1,0,0,0,1,2,0,0,1,0,0,0,0,0,0,0,0,0,0,0,0,0,0,0,0,0,0,0,0,1,0,0,0,0,0,0,0,0,1,0,0,0,0,0,0,0,0,0,0,0,0,0,0,0,0,0,0,0,0,0,0,0,0,0,0,0,0,0,0,0,0,0,0,0,0,0,0,0,0,0,1,0,0,0,0,0,0,0,0,0,0,0,0,0,0,0,0,0,0,0,0,0,0,0,0,0,0,0,0,0,0,0,0,0,0,0,0,0,0,0,0,0,0,0
the_smoke,336,193,21,0,4,28,177,99,23,0,7,40,0,3,51,32,16,0,0,4,4,3,9,7,27,0,3,12,11,5,0,2,1,5,3,0,8,0,1,0,0,0,2,0,0,0,0,3,0,0,0,0,0,0,698,0,0,0,2,0,0,0,0,0,5,1,1,0,0,0,0,2,4,0,0,0,0,0,1,0,0,0,0,0,0,0,0,0,0,0,0,0,2,75,0,0,0,0,0,0,0,0,0,0,0,0,0,0,0,0,0,0,0,0,0,0,0,0,0,0,0,0,0,0,0,0,0,0,0,0,0,0,1,0,0,0,0,0,0,0,0,0,0,0,2,0,0,0,0,0,0,0,0,0,0,0,0,0,0,0,0,0,0,0,0,0,0,0,0,0,0,0,0,0,0,0,0,0,0,0,0,0,0,0,0,0,0,0,0,0,0,0,0,0,0,0,0,0,0,0,0,0,0,0,0,0,0,0,0,0,0,0,0,0,0,0
steel_.,45,17,1,0,2,9,12,9,5,1,1,10,0,0,5,3,2,1,1,0,0,1,3,2,0,0,2,3,1,0,0,0,0,0,0,0,0,0,0,0,56,0,1,1,0,0,0,1,0,2,0,0,0,0,0,153,0,0,1,0,1,0,0,0,0,0,0,0,0,1,0,1,0,0,0,0,1,0,0,0,0,0,0,0,0,0,0,1,0,0,0,0,0,0,1,0,0,0,0,0,0,0,0,0,0,0,0,0,0,0,1,0,0,0,0,0,0,0,0,0,0,0,0,0,0,0,0,0,0,0,0,0,0,0,0,0,0,0,0,0,0,0,0,0,0,0,0,0,0,0,0,0,0,0,0,0,0,0,0,0,0,0,0,0,0,0,0,0,0,0,0,0,0,0,0,0,0,0,0,0,0,0,0,0,0,0,0,0,0,0,0,0,0,0,0,0,0,0,0,0,0,0,0,0,0,0,0,0,0,0,0,0,0,0,0,0
were_scattered,91,32,3,0,1,11,39,9,4,0,2,11,0,0,8,13,3,0,1,1,0,0,3,2,32,0,2,1,3,0,1,0,0,0,0,1,0,0,0,0,0,0,0,0,0,0,0,1,0,0,0,0,0,0,0,0,192,0,1,0,0,0,1,0,0,0,0,0,0,0,0,2,0,0,0,0,0,0,0,0,0,0,0,0,0,1,0,0,0,0,0,0,0,0,0,0,0,0,29,0,0,0,0,0,0,0,0,0,0,0,0,0,0,0,0,0,0,0,0,0,0,0,0,0,0,0,0,0,0,0,0,0,0,0,0,0,0,0,0,0,0,0,0,0,0,0,0,0,0,0,0,0,0,0,0,0,0,0,0,0,0,0,0,0,0,0,0,0,0,0,0,0,0,0,0,0,0,0,0,0,0,0,0,0,0,0,0,0,0,0,0,0,0,0,0,0,0,0,0,0,0,0,0,0,0,0,0,0,0,0,0,0,0,0,0,0
this_paper,25,16,2,1,0,3,6,6,5,0,1,3,0,0,6,4,1,1,1,0,1,1,23,2,1,0,1,0,7,1,0,0,0,0,0,1,0,0,0,0,0,1,0,0,0,0,0,0,0,0,0,3,0,0,0,0,0,137,0,0,1,0,0,0,0,0,0,0,0,0,0,0,1,0,0,0,0,0,0,0,0,0,0,0,0,0,0,0,0,0,0,0,1,0,0,0,1,0,0,0,0,0,0,0,0,0,0,0,0,0,0,0,0,0,0,0,0,0,0,0,0,0,0,0,0,0,0,0,0,0,0,0,0,0,0,0,0,0,0,0,0,0,0,0,0,0,0,0,0,0,0,0,0,0,0,0,0,0,0,0,0,0,0,0,0,0,0,0,0,0,0,0,0,0,0,0,0,0,0,0,0,0,0,0,0,0,0,0,0,0,0,0,0,0,0,0,0,0,0,0,0,0,0,0,0,0,0,0,0,0,0,0,0,0,0,0
the_very,3208,2146,246,52,123,325,841,620,411,3,50,565,0,86,320,467,548,31,54,31,41,34,135,191,101,0,100,97,144,93,9,11,48,22,62,11,99,2,3,0,3,10,38,3,2,1,20,4,3,0,3,66,30,2,2,1,1,0,7988,1,22,2,11,6,5,2,3,0,2,7,13,13,29,0,0,1,13,4,1,11,1,3,2,2,1,1,9,15,2,3,0,1,27,6,10,0,6,9,0,0,5,0,0,0,2,0,1,4,31,2,2,0,0,3,0,0,1,0,0,0,0,2,0,0,0,1,1,0,2,1,6,1,3,1,1,1,0,0,0,0,3,0,0,0,397,1,0,0,0,0,0,0,0,0,0,0,0,0,0,0,0,0,0,0,0,0,0,0,0,0,0,0,0,2,0,1,0,0,0,1,0,0,0,2,0,0,0,0,0,0,0,0,0,0,0,0,0,0,0,0,0,0,1,0,0,0,0,0,0,0,0,0,0,0,0,0
take_you,66,51,0,5,1,14,23,10,4,0,5,13,0,24,19,3,3,13,8,0,4,1,4,0,6,0,3,3,18,11,7,7,1,3,3,0,8,0,0,0,0,0,0,0,0,0,0,0,0,0,0,1,0,0,0,0,0,0,1,917,25,0,0,0,4,0,0,0,0,1,0,1,1,0,0,0,2,0,0,0,28,0,1,0,0,0,0,0,0,1,0,0,2,0,0,0,0,0,0,0,0,0,1,29,0,0,0,0,0,0,0,0,0,0,0,0,0,0,0,0,0,0,0,0,0,0,0,0,0,0,1,4,0,0,0,0,0,0,0,0,0,0,0,0,0,0,0,0,0,0,0,0,0,0,0,0,0,0,0,0,0,0,0,0,0,0,0,0,0,0,0,0,0,2,0,0,0,0,0,0,0,0,0,0,0,0,0,0,0,0,0,0,0,0,0,0,0,0,0,0,0,0,0,0,0,0,0,0,0,0,0,0,0,0,0,0
to_your,340,222,14,34,28,65,140,63,38,0,12,61,0,50,99,26,23,27,20,1,50,6,43,13,8,0,2,26,86,36,7,16,5,3,2,2,30,0,1,0,0,7,1,0,4,0,13,0,0,0,0,9,1,1,0,1,0,1,22,25,3737,1,1,4,8,0,0,0,0,1,8,1,13,1,1,0,6,1,0,0,4,0,0,3,2,2,3,3,1,1,0,1,12,0,3,0,4,6,0,0,0,0,0,5,0,0,0,0,0,0,1,1,0,0,0,0,0,0,0,0,0,0,0,0,0,0,0,0,1,1,2,21,1,0,0,2,0,0,0,0,0,0,0,1,1,0,0,0,0,0,0,0,0,0,0,0,0,0,0,0,0,0,0,0,0,0,0,0,0,0,0,0,0,4,0,0,0,0,0,0,0,0,0,0,0,0,0,0,0,0,0,0,0,0,0,0,0,0,0,0,0,0,0,1,0,0,0,0,0,0,0,0,0,0,0,0
a_slow,130,66,5,0,1,97,34,21,16,0,6,33,0,2,75,13,18,0,2,0,2,2,0,5,7,0,2,9,4,2,0,4,2,4,3,3,13,0,0,1,0,1,2,0,0,0,6,0,0,0,0,1,4,2,0,0,0,0,2,0,1,469,0,0,1,1,0,0,0,0,2,0,2,0,0,0,2,0,0,0,0,0,1,0,1,0,1,0,0,0,0,0,1,0,1,0,1,0,0,0,0,0,0,0,1,0,0,0,0,0,0,0,0,0,0,0,0,0,0,0,0,0,0,0,0,0,0,0,0,0,0,0,0,0,0,0,0,0,0,0,0,0,0,0,0,0,0,0,0,0,0,0,0,0,0,0,0,0,0,0,0,0,0,0,0,0,0,0,0,0,0,0,0,0,0,0,0,0,0,0,0,0,0,0,0,0,0,0,0,0,0,0,0,0,0,0,0,0,0,0,0,0,0,0,0,0,0,0,0,0,0,0,0,0,0,0
street_and,349,282,33,5,13,38,168,66,43,2,2,66,0,8,85,37,76,7,3,12,5,3,9,21,24,0,3,4,18,2,2,0,6,3,2,1,13,0,4,0,1,3,2,0,1,0,2,1,0,0,0,5,2,1,0,0,1,0,11,0,1,0,1046,0,3,1,1,1,1,3,0,0,1,0,0,0,2,0,0,0,0,2,0,0,0,1,0,1,0,0,0,0,0,1,0,0,1,6,2,0,0,0,0,0,0,0,0,1,1,0,0,1,0,0,0,0,0,0,0,0,0,0,0,0,0,1,0,0,5,0,0,0,0,0,0,3,0,0,0,0,0,0,0,0,1,0,0,0,0,0,0,0,0,0,0,0,0,0,0,0,0,0,0,0,0,0,0,0,0,0,0,0,6,0,0,1,0,0,0,0,0,0,0,0,0,0,0,0,0,0,0,0,0,0,0,0,0,0,0,0,0,0,0,0,0,0,0,0,0,0,0,0,0,0,0,0
nothing_else,176,143,117,7,11,28,72,28,46,1,6,60,0,18,46,20,61,11,7,3,5,4,16,12,7,0,7,11,15,12,2,1,2,1,1,0,12,0,1,0,0,2,2,0,233,2,2,1,0,0,0,6,3,1,0,0,0,0,6,0,4,0,0,1170,1,1,0,0,0,0,2,0,2,0,0,0,1,0,0,0,1,0,1,0,0,0,0,0,0,0,0,0,1,0,2,0,0,0,0,0,0,0,0,0,0,0,0,0,0,0,1,0,0,0,0,0,0,0,0,0,0,0,0,0,0,0,0,0,0,0,0,1,0,0,0,0,0,0,0,0,0,0,0,0,0,0,0,0,0,0,0,0,0,0,0,0,0,0,0,2,0,0,0,0,0,0,0,0,0,0,0,0,0,1,1,0,0,0,0,0,0,0,0,0,0,0,0,0,0,0,0,0,0,0,0,0,0,0,0,0,0,0,0,0,0,0,0,0,0,0,0,0,0,0,0,0
away_to,362,224,31,5,18,53,197,59,77,0,6,85,0,15,63,66,88,2,5,5,5,2,7,18,32,1,12,21,19,14,1,3,11,1,1,2,18,0,5,0,0,2,3,0,6,0,3,1,0,0,3,4,3,1,5,0,0,0,5,4,8,1,3,1,1556,2,0,0,2,0,3,2,4,0,0,1,4,1,0,0,0,0,0,0,1,0,0,1,1,0,0,0,5,2,0,0,0,0,0,0,1,0,0,7,0,0,0,0,0,0,0,0,0,0,0,0,0,0,0,0,0,0,0,0,1,0,0,0,0,1,1,0,0,0,0,1,0,0,0,0,0,0,0,0,2,0,0,0,0,0,0,0,0,0,0,0,0,0,0,0,0,1,0,0,0,0,0,0,0,0,0,0,0,0,0,0,0,0,0,0,0,0,0,0,0,0,0,0,0,0,0,0,0,0,0,0,0,0,0,0,0,0,0,0,0,0,0,0,0,0,0,0,0,0,0,0
three_hours,134,102,7,2,5,21,38,19,13,1,2,44,1,5,22,37,26,5,3,0,1,1,4,7,9,0,3,3,8,5,2,3,2,3,1,1,4,0,0,0,0,0,0,0,0,0,2,1,0,0,0,3,4,58,1,0,0,0,2,0,0,1,1,1,2,496,0,0,0,1,0,1,1,0,0,0,2,0,0,0,1,0,0,0,0,0,0,2,0,0,0,0,0,0,0,0,0,0,0,0,0,0,0,0,0,7,0,0,0,0,0,0,0,1,0,0,0,0,0,0,0,0,0,0,0,0,0,0,0,0,0,0,0,0,0,0,0,0,0,0,0,0,0,0,0,0,0,0,0,0,0,0,0,0,0,0,0,0,0,0,0,0,0,0,0,0,0,0,0,0,0,0,0,0,0,0,0,0,0,0,0,0,0,0,0,0,0,0,0,0,0,0,0,0,0,0,0,0,0,0,0,0,0,0,0,0,0,0,0,0,0,0,0,0,0,0
were_passing,91,39,11,2,4,8,24,12,14,0,1,19,0,2,10,6,2,0,1,1,1,1,3,3,5,0,0,3,0,0,0,0,1,1,0,0,0,0,0,0,0,0,0,0,0,0,0,0,0,0,0,0,0,0,1,0,0,0,3,0,0,0,1,0,0,0,211,0,0,0,0,0,0,0,0,0,1,0,0,0,0,0,0,0,0,0,0,2,0,0,0,0,1,1,0,0,0,0,0,0,0,0,0,0,0,0,0,0,0,7,0,0,0,0,0,0,0,0,0,0,0,0,0,0,0,0,0,0,0,0,0,0,0,0,0,0,0,0,0,0,0,0,0,0,0,1,0,0,0,0,0,0,0,0,0,0,0,0,0,0,0,0,0,0,0,0,0,0,0,0,0,0,0,0,0,0,0,0,0,0,0,0,0,0,0,0,0,0,0,0,0,0,0,0,0,0,0,0,0,0,0,0,0,0,0,0,0,0,0,0,0,0,0,0,0,0
and_shouting,49,55,8,2,3,12,27,3,11,0,0,11,1,3,11,5,5,0,0,2,0,0,1,2,3,0,0,1,3,0,0,0,0,2,1,0,2,1,0,0,0,0,0,0,0,0,0,0,0,0,0,0,1,0,0,0,0,0,0,0,0,0,1,0,0,0,0,176,0,0,0,0,0,0,0,0,0,0,0,0,0,0,0,0,0,0,0,2,0,0,0,0,0,0,0,0,0,1,0,0,0,0,0,0,0,0,0,0,0,0,0,0,0,0,0,0,0,0,0,0,0,0,0,0,0,0,0,0,0,0,0,0,0,0,0,0,0,0,0,0,0,0,0,0,0,0,0,0,0,0,0,0,0,0,0,0,0,0,0,0,0,0,0,0,0,0,0,0,0,0,0,0,0,0,0,0,0,0,0,0,0,0,0,0,0,0,0,0,0,0,0,0,0,0,0,0,0,0,0,0,0,0,0,0,0,0,0,0,0,0,0,0,0,0,0,0
somewhere_in,87,265,25,0,6,11,20,13,28,0,1,31,0,3,32,17,20,1,1,3,1,2,4,4,1,0,5,1,9,3,0,0,1,3,2,0,5,0,0,0,0,1,0,0,2,0,0,0,0,0,0,2,0,0,0,0,0,0,2,0,0,0,1,0,2,0,0,0,376,0,1,0,1,0,0,0,0,0,0,2,0,0,0,0,0,0,0,1,0,0,0,0,1,0,0,0,0,0,0,0,0,0,1,0,0,0,0,0,0,0,0,0,0,0,0,0,0,0,0,0,0,0,0,0,0,0,0,0,1,0,0,0,0,0,0,0,0,0,0,0,0,0,0,0,0,0,0,0,0,0,0,0,0,0,0,0,0,0,0,0,0,0,0,0,0,0,0,0,0,0,0,0,0,1,0,0,0,0,0,0,0,0,0,0,0,0,0,0,0,0,0,0,0,0,0,0,0,0,0,0,0,0,0,0,0,0,0,0,0,0,0,0,0,0,0,0
to_shake,100,77,11,5,3,33,42,27,33,0,2,27,0,10,16,14,44,5,8,4,0,2,8,10,10,0,1,9,7,5,0,0,0,1,1,0,6,0,1,0,0,0,1,0,0,0,3,0,0,1,1,5,2,0,0,1,0,0,7,1,1,0,3,0,0,1,0,0,0,546,0,0,0,0,0,0,4,0,0,0,0,0,0,0,0,0,0,0,2,0,0,0,1,0,0,0,0,1,0,0,1,0,0,0,0,0,0,0,0,0,1,0,0,0,0,0,0,0,0,0,0,0,0,0,0,0,0,0,0,0,0,0,0,0,0,0,0,0,0,0,0,0,0,0,0,0,0,0,0,0,0,0,0,0,0,0,0,0,0,0,0,0,0,0,0,0,0,0,0,0,0,0,0,1,0,0,0,0,0,0,0,0,0,0,0,0,0,0,0,0,0,0,0,0,0,0,0,0,0,0,0,0,0,0,0,0,0,0,0,0,0,0,0,0,0,0
in_life,210,154,26,4,5,38,78,32,66,0,12,61,0,8,40,56,75,5,9,3,10,9,9,15,8,0,14,13,22,13,2,1,3,0,0,2,22,0,0,0,0,1,2,0,0,1,3,0,0,0,0,13,2,1,0,0,0,0,13,0,8,2,0,2,3,0,0,0,1,0,1168,0,137,1,2,27,0,1,0,2,1,0,1,0,1,0,0,2,0,0,0,0,2,0,2,0,1,1,0,0,0,0,0,0,0,0,0,0,1,0,0,0,0,0,0,0,0,1,0,0,0,0,0,0,0,0,0,0,0,0,26,0,0,0,0,0,0,0,0,0,0,0,0,0,1,0,0,0,0,0,0,0,0,0,0,0,0,0,0,0,0,0,0,0,0,0,0,0,0,0,0,0,0,0,0,0,0,0,0,0,0,0,0,0,0,0,0,0,0,0,0,0,0,0,0,0,0,0,0,0,0,0,0,0,0,0,0,0,0,0,0,0,0,0,0,0
down_upon,556,329,42,11,25,117,209,145,73,0,10,94,0,37,81,46,74,2,10,5,5,7,17,18,40,0,9,25,28,5,1,2,3,10,7,8,16,1,2,1,0,2,5,1,0,0,2,2,0,1,0,3,1,3,2,1,2,0,13,1,1,0,0,0,2,1,0,0,0,0,0,1879,3,0,0,1,37,0,1,1,0,0,0,0,0,0,2,0,12,1,0,0,1,1,1,0,1,4,1,0,1,0,0,0,0,0,0,0,0,0,0,0,0,0,0,0,0,0,0,0,0,0,0,0,0,0,0,0,0,2,0,0,0,0,0,0,0,0,0,0,0,0,0,0,0,0,0,1,0,0,0,0,0,0,0,0,0,0,0,0,0,0,0,0,0,0,0,0,0,0,0,0,0,0,0,0,0,0,0,0,0,0,0,0,0,0,0,0,0,0,0,0,0,1,0,0,0,0,0,0,0,0,0,0,0,0,0,0,0,0,0,0,0,0,0,0
life_and,979,625,68,21,43,109,539,144,194,0,24,224,2,31,155,170,233,25,16,11,34,11,64,58,55,0,32,42,63,36,10,13,14,8,5,2,53,2,3,0,0,4,8,0,4,3,17,4,0,0,1,648,13,1,4,0,0,1,29,1,13,2,1,2,4,1,0,0,1,0,137,3,3281,0,1,5,8,0,0,1,0,1,0,1,0,2,0,2,1,0,0,0,5,6,5,0,0,0,0,0,3,0,0,1,2,0,0,3,4,0,0,1,0,1,0,0,0,1,0,0,1,1,0,0,0,0,0,0,0,0,8,0,0,0,0,0,0,0,0,0,6,0,0,0,1,0,0,0,0,0,0,0,0,0,0,0,0,1,0,0,0,0,0,0,0,0,0,0,0,0,0,0,0,1,0,0,0,0,0,0,0,0,0,0,0,0,0,0,0,0,0,0,0,0,0,0,0,0,0,0,0,0,0,0,0,0,0,0,0,0,0,0,0,0,0,0
above_my,29,18,8,2,1,2,12,5,0,0,0,8,0,4,5,2,3,1,0,1,0,2,0,0,2,0,1,1,7,2,0,0,0,1,0,1,0,0,0,0,0,0,0,0,1,0,1,0,1,0,0,1,0,0,0,0,0,0,0,0,1,0,0,0,0,0,0,0,0,0,1,0,0,130,1,1,0,0,0,0,0,0,1,1,0,0,0,0,0,0,0,0,1,0,0,0,0,0,0,0,0,0,0,0,0,0,0,0,0,0,0,0,0,0,0,0,0,0,0,0,0,0,0,0,0,0,0,0,0,0,0,0,0,0,0,0,0,0,0,0,0,0,0,0,0,0,0,0,0,0,0,0,0,0,0,0,0,0,0,0,0,0,0,0,0,0,0,0,0,0,0,0,0,0,0,0,0,0,0,0,0,0,0,0,0,0,0,0,0,0,0,0,0,0,0,0,0,0,0,0,0,0,0,0,0,0,0,0,0,0,0,0,0,0,0,0
my_station,10,8,1,0,0,0,1,2,0,0,0,3,0,0,0,2,0,1,0,0,1,0,1,0,0,0,0,3,1,0,0,0,1,0,0,0,1,0,0,0,0,0,0,0,0,0,4,0,0,0,0,0,0,0,0,0,0,0,0,0,1,0,0,0,0,0,0,0,0,0,2,0,1,1,45,7,0,0,0,0,0,0,0,0,0,0,0,0,0,0,0,0,0,0,0,0,0,0,0,0,0,0,0,0,0,0,0,0,1,0,0,0,0,0,0,0,0,0,0,0,0,0,0,0,0,0,0,0,0,1,0,0,0,0,0,0,0,0,0,0,0,0,0,0,0,0,0,0,0,0,0,0,0,0,0,0,0,0,0,0,0,0,0,0,0,0,0,0,0,0,0,0,0,0,0,0,0,0,0,0,0,0,0,0,0,0,0,0,0,0,0,0,0,0,0,0,0,0,0,0,0,0,0,0,0,0,0,0,0,0,0,0,0,0,0,0
